white = [255 255 255]/255.;
black = [0 0 0];
gray  = (white+black)/2;
red   = [255 0 0]/255.;
green = [0 255 0]/255.;
blue  = [0 0 255]/255.;
graycolor = 0.5;